24
8
-1
3
0
0
0
1
1
0
2
3
0
3
5
0
4
7
0
5
8
0
6
9
0
7
1
-1
1
3
1
-1
1
4
2
-1
1
11
1
0
10
8
-1
1
15
0
0
1
1
0
2
3
0
3
5
0
4
7
0
5
8
0
6
9
0
7
1
-1
1
5
1
-1
1
6
1
-1
1
7
2
-1
3
8
11
2
-1
1
-1
1
0
2
-1
3
10
10
0
16
3
-1
3
11
2
0
17
4
0
18
1
-1
1
8
1
-1
1
14
3
-1
3
14
2
0
19
6
0
20
1
-1
1
12
8
-1
3
16
0
0
1
1
0
2
3
0
3
5
0
4
7
0
5
8
0
6
9
0
7
2
-1
1
11
1
0
10
1
-1
1
1
8
-1
1
15
0
0
1
1
0
2
3
0
3
5
0
4
7
0
5
8
0
6
9
0
7
1
-1
1
2
1
-1
1
10
1
-1
1
9
1
-1
1
13
6
1
-1
8
3
-1
13
0
9
16
21
1
-1
11
2
-1
12
17
22
1
-1
14
2
-1
15
19
23
8
expecting: number, string, '{', '[', 'true', 'false', 'null'
expecting: ',', '}', ']', EOF
expecting: string, ',', '}'
expecting: number, string, ',', '{', '[', ']', 'true', 'false', 'null'
expecting: EOF
expecting: ':'
expecting: ',', '}'
expecting: ',', ']'
24
0
1
1
2
3
1
1
1
4
4
5
6
6
7
7
7
0
2
1
3
1
6
6
7
