1
56
17
9
9
1
10
10
2
12
12
3
13
13
4
32
32
5
34
34
6
44
44
7
45
45
8
48
57
9
58
58
10
91
91
11
93
93
12
102
102
13
110
110
14
116
116
15
123
123
16
125
125
17
1
9
32
-2
1
9
32
-2
1
9
32
-2
3
9
9
1
10
10
18
12
32
-2
1
9
32
-2
5
32
33
19
34
34
20
35
91
19
92
92
21
93
65535
19
0
1
48
57
9
4
46
46
22
48
57
9
69
69
23
101
101
24
0
0
0
1
97
97
25
1
117
117
26
1
114
114
27
0
0
1
9
32
-2
1
32
65535
-8
0
9
34
34
28
47
47
29
92
92
30
98
98
31
102
102
32
110
110
33
114
114
34
116
116
35
117
117
36
1
48
57
37
3
43
43
38
45
45
39
48
57
40
1
43
57
-25
1
108
108
41
1
108
108
42
1
117
117
43
1
32
65535
-8
1
32
65535
-8
1
32
65535
-8
1
32
65535
-8
1
32
65535
-8
1
32
65535
-8
1
32
65535
-8
1
32
65535
-8
3
48
57
44
65
90
45
97
122
45
2
48
57
37
69
101
-11
1
48
57
40
1
48
57
40
1
48
57
40
1
115
115
46
1
108
108
47
1
101
101
48
3
48
57
49
65
90
50
97
122
50
1
48
122
-46
1
101
101
51
0
0
3
48
57
52
65
90
53
97
122
53
1
48
122
-51
0
3
48
57
54
65
90
55
97
122
55
1
48
122
-54
1
32
65535
-8
1
32
65535
-8
1
56
11
11
11
11
11
11
-1
2
-1
0
10
5
6
-1
-1
-1
3
4
11
-1
1
-1
-1
-1
-1
-1
-1
-1
-1
-1
-1
-1
-1
-1
-1
-1
-1
0
-1
-1
0
-1
-1
-1
-1
-1
-1
9
7
-1
-1
8
-1
-1
-1
-1
